#  BLOSUM Clustered Scoring Matrix in 1/2 Bit Units
#  Blocks Database = blocdn.dat
#  Cluster Percentage: >= 60
#  Entropy =   1.3951, Expected =  -1.0686
    F   f   L   l   S   s   Z   z   Y   y   %   $   C   c   *   W   B   b   J   j   P   p   O   o   H   h   Q   q   R   r   8   9   I   i   !   M   T   t   2   3   N   n   K   k   6   7   4   5   V   v   U   u   A   a   @   &   D   d   E   e   G   g   :   =   x   X
F   8   7   0   0  -4  -4  -4  -4   3   3 -58 -58  -2  -2 -58   2   0   0   0   0  -4  -4  -4  -4  -1  -2  -4  -4  -4  -4  -5  -4  -1  -1  -1   0  -4  -4  -4  -3  -4  -4  -5  -5  -4  -4  -5  -4  -2  -2  -2  -2  -4  -3  -4  -3  -6  -6  -5  -6  -5  -5  -5  -5 -58  -2
f   7   8   0   0  -4  -3  -4  -4   3   3 -58 -58  -2  -2 -58   2   0   0   0   0  -5  -4  -5  -5  -1  -1  -4  -4  -4  -4  -5  -4  -1  -1  -1   0  -4  -3  -4  -4  -4  -4  -5  -5  -4  -4  -5  -5  -2  -2  -2  -2  -4  -4  -4  -4  -6  -6  -6  -5  -5  -5  -5  -5 -58 -58
L   0   0   6   5  -4  -5  -4  -4  -2  -2 -58 -58  -3  -3 -58  -3   5   5   5   5  -4  -4  -4  -4  -3  -4  -3  -3  -4  -4  -4  -3   1   1   1   2  -3  -3  -3  -3  -4  -5  -3  -4  -4  -4  -4  -4   0   0   0   0  -3  -3  -3  -3  -6  -6  -4  -4  -6  -6  -6  -6 -58 -58
l   0   0   5   6  -4  -4  -4  -4  -2  -2 -58 -58  -2  -2 -58  -2   5   5   5   5  -4  -4  -4  -4  -3  -4  -3  -3  -5  -4  -4  -4   1   1   1   2  -3  -3  -3  -3  -5  -5  -3  -3  -4  -5  -4  -3   0   0   0   0  -3  -3  -3  -3  -6  -6  -5  -4  -6  -6  -6  -6 -58 -12
S  -4  -4  -4  -4   6   6   6   6  -3  -3 -58 -58   0   0 -58  -4  -4  -4  -4  -4  -1  -1  -1  -1  -2  -2  -1  -1  -3  -3  -2  -2  -4  -4  -4  -3   2   1   1   1   0  -1  -2  -2   4   4  -3  -3  -3  -3  -3  -3   1   1   1   1  -2  -1  -2  -2  -2  -2  -2  -2 -58   2
s  -4  -3  -5  -4   6   7   6   6  -3  -3 -58 -58   0   0 -58  -3  -4  -4  -5  -4  -2  -1  -2  -2  -2  -2  -2  -1  -3  -2  -3  -2  -4  -4  -4  -3   1   1   1   1  -1   0  -2  -2   4   5  -3  -3  -4  -3  -4  -3   1   1   1   0  -2  -2  -2  -2  -2  -2  -2  -2 -58  -2
Z  -4  -4  -4  -4   6   6   7   6  -3  -4 -58 -58   0   0 -58  -4  -4  -4  -4  -4  -1  -1  -1  -1  -2  -2  -1  -1  -3  -3  -3  -3  -4  -4  -4  -3   1   1   2   1  -1  -1  -2  -2   5   4  -3  -3  -3  -3  -3  -3   1   1   1   1  -2  -2  -2  -2  -2  -2  -2  -2 -58   1
z  -4  -4  -4  -4   6   6   6   7  -4  -4 -58 -58  -1  -1 -58  -4  -4  -4  -4  -4  -2  -2  -2  -1  -2  -2  -1  -1  -2  -2  -3  -2  -4  -4  -4  -3   1   1   1   2   0  -1  -2  -2   5   5  -3  -2  -3  -3  -3  -3   1   1   1   1  -2  -2  -2  -2  -2  -2  -2  -2 -58   5
Y   3   3  -2  -2  -3  -3  -3  -4   8   8 -58 -58  -2  -2 -58   2  -2  -2  -2  -2  -4  -4  -4  -4   2   1  -3  -3  -3  -3  -3  -3  -3  -3  -3  -2  -4  -4  -4  -3  -3  -3  -3  -4  -3  -3  -3  -3  -3  -3  -3  -3  -4  -4  -4  -3  -4  -4  -4  -4  -5  -5  -5  -5 -58  -2
y   3   3  -2  -2  -3  -3  -4  -4   8   9 -58 -58  -2  -1 -58   2  -2  -2  -2  -2  -4  -4  -5  -5   1   1  -3  -3  -3  -3  -3  -3  -3  -3  -3  -2  -3  -3  -4  -3  -3  -3  -4  -4  -3  -3  -4  -3  -3  -3  -3  -3  -4  -3  -4  -4  -5  -5  -4  -4  -5  -5  -5  -5 -58  -6
% -58 -58 -58 -58 -58 -58 -58 -58 -58 -58 -58 -58 -58 -58 -58 -58 -58 -58 -58 -58 -58 -58 -58 -58 -58 -58 -58 -58 -58 -58 -58 -58 -58 -58 -58 -58 -58 -58 -58 -58 -58 -58 -58 -58 -58 -58 -58 -58 -58 -58 -58 -58 -58 -58 -58 -58 -58 -58 -58 -58 -58 -58 -58 -58 -58 -58
$ -58 -58 -58 -58 -58 -58 -58 -58 -58 -58 -58 -58 -58 -58 -58 -58 -58 -58 -58 -58 -58 -58 -58 -58 -58 -58 -58 -58 -58 -58 -58 -58 -58 -58 -58 -58 -58 -58 -58 -58 -58 -58 -58 -58 -58 -58 -58 -58 -58 -58 -58 -58 -58 -58 -58 -58 -58 -58 -58 -58 -58 -58 -58 -58 -58 -58
C  -2  -2  -3  -2   0   0   0  -1  -2  -2 -58 -58  10  10 -58  -3  -2  -2  -2  -2  -4  -3  -4  -5  -3  -3  -4  -4  -4  -3  -2  -3  -2  -2  -2  -1  -1  -1  -1  -1  -2  -2  -4  -4   0   0  -3  -4   0   0   0   0   1   0   1   0  -5  -4  -5  -5  -4  -3  -3  -3 -58 -13
c  -2  -2  -3  -2   0   0   0  -1  -2  -1 -58 -58  10  10 -58  -3  -2  -2  -2  -2  -4  -3  -4  -4  -3  -3  -4  -3  -4  -3  -3  -3  -2  -2  -2  -2  -1   0  -1  -1  -2  -2  -4  -4   0   0  -3  -3   0   0   0   0   0   1   0   0  -5  -4  -5  -4  -4  -3  -4  -3 -58 -15
* -58 -58 -58 -58 -58 -58 -58 -58 -58 -58 -58 -58 -58 -58 -58 -58 -58 -58 -58 -58 -58 -58 -58 -58 -58 -58 -58 -58 -58 -58 -58 -58 -58 -58 -58 -58 -58 -58 -58 -58 -58 -58 -58 -58 -58 -58 -58 -58 -58 -58 -58 -58 -58 -58 -58 -58 -58 -58 -58 -58 -58 -58 -58 -58 -58 -58
W   2   2  -3  -2  -4  -3  -4  -4   2   2 -58 -58  -3  -3 -58  12  -3  -3  -3  -2  -5  -4  -4  -3  -1  -2  -4  -3  -4  -3  -4  -2  -4  -4  -3  -2  -4  -4  -4  -3  -4  -5  -4  -4  -3  -4  -4  -3  -4  -4  -4  -3  -5  -4  -4  -4  -5  -5  -5  -4  -5  -4  -5  -5 -58 -58
B   0   0   5   5  -4  -4  -4  -4  -2  -2 -58 -58  -2  -2 -58  -3   6   5   5   5  -4  -4  -5  -4  -3  -3  -3  -3  -4  -4  -4  -4   1   1   1   2  -3  -3  -4  -3  -4  -5  -4  -4  -4  -4  -4  -4   0   0   0   0  -3  -3  -4  -3  -6  -6  -5  -5  -7  -6  -6  -6 -58  -2
b   0   0   5   5  -4  -4  -4  -4  -2  -2 -58 -58  -2  -2 -58  -3   5   6   5   5  -5  -4  -4  -5  -3  -3  -3  -3  -4  -4  -4  -3   1   1   1   2  -3  -3  -3  -3  -5  -5  -4  -4  -4  -4  -4  -4   0   0   0   0  -3  -3  -4  -3  -6  -6  -5  -4  -6  -5  -6  -6 -58 -58
J   0   0   5   5  -4  -5  -4  -4  -2  -2 -58 -58  -2  -2 -58  -3   5   5   6   5  -4  -4  -4  -4  -3  -4  -2  -3  -4  -4  -3  -3   1   1   1   2  -3  -3  -3  -3  -5  -5  -3  -3  -4  -4  -3  -3   0   0   0   0  -3  -3  -3  -3  -6  -6  -5  -5  -6  -6  -5  -5 -58 -58
j   0   0   5   5  -4  -4  -4  -4  -2  -2 -58 -58  -2  -2 -58  -2   5   5   5   5  -4  -4  -5  -4  -3  -3  -3  -2  -4  -3  -4  -3   1   1   1   2  -4  -3  -3  -3  -5  -4  -3  -4  -4  -4  -4  -4   0   0   0   0  -3  -3  -3  -3  -6  -6  -5  -4  -6  -6  -6  -6 -58  -1
P  -4  -5  -4  -4  -1  -2  -1  -2  -4  -4 -58 -58  -4  -4 -58  -5  -4  -5  -4  -4   8   8   8   8  -3  -3  -3  -3  -4  -3  -4  -3  -4  -5  -4  -5  -2  -3  -3  -2  -3  -4  -3  -3  -2  -2  -3  -3  -4  -4  -4  -4  -2  -2  -1  -2  -3  -3  -3  -3  -4  -4  -4  -4 -58 -11
p  -4  -4  -4  -4  -1  -1  -1  -2  -4  -4 -58 -58  -3  -3 -58  -4  -4  -4  -4  -4   8   8   8   8  -3  -2  -2  -2  -3  -3  -3  -3  -4  -5  -4  -4  -2  -3  -3  -2  -3  -3  -2  -2  -2  -2  -3  -3  -4  -3  -4  -3  -2  -2  -2  -2  -3  -3  -2  -3  -4  -4  -4  -3 -58 -58
O  -4  -5  -4  -4  -1  -2  -1  -2  -4  -5 -58 -58  -4  -4 -58  -4  -5  -4  -4  -5   8   8   8   8  -3  -3  -3  -3  -4  -4  -3  -3  -5  -5  -4  -5  -2  -3  -3  -3  -3  -4  -3  -3  -2  -2  -3  -3  -4  -3  -4  -3  -2  -2  -2  -2  -3  -3  -3  -3  -4  -4  -4  -4 -58 -58
o  -4  -5  -4  -4  -1  -2  -1  -1  -4  -5 -58 -58  -5  -4 -58  -3  -4  -5  -4  -4   8   8   8   9  -3  -3  -2  -2  -3  -3  -3  -3  -4  -5  -4  -4  -2  -2  -3  -2  -3  -3  -2  -3  -2  -2  -3  -3  -3  -3  -4  -3  -2  -2  -1  -2  -3  -3  -2  -3  -4  -4  -4  -3 -58 -58
H  -1  -1  -3  -3  -2  -2  -2  -2   2   1 -58 -58  -3  -3 -58  -1  -3  -3  -3  -3  -3  -3  -3  -3   9   9   1   1  -1  -1  -1  -1  -5  -4  -4  -3  -2  -3  -2  -2   1   0  -1  -1  -1  -1  -1  -1  -4  -4  -5  -4  -3  -3  -3  -3  -1  -1  -2  -2  -4  -3  -3  -3 -58  -1
h  -2  -1  -4  -4  -2  -2  -2  -2   1   1 -58 -58  -3  -3 -58  -2  -3  -3  -4  -3  -3  -2  -3  -3   9   9   1   1  -1   0  -1  -1  -4  -4  -4  -3  -2  -2  -2  -2   1   1  -1  -1  -2  -1  -1  -1  -4  -4  -5  -4  -3  -3  -3  -3  -2  -2  -2  -2  -4  -3  -4  -3 -58   1
Q  -4  -4  -3  -3  -1  -2  -1  -1  -3  -3 -58 -58  -4  -4 -58  -4  -3  -3  -2  -3  -3  -2  -3  -2   1   1   7   7   0   0   0   0  -4  -4  -4  -1  -2  -2  -1  -2   0  -1   1   0  -1  -1   0   0  -3  -4  -3  -4  -2  -2  -2  -2  -1  -1   1   1  -4  -3  -3  -3 -58   2
q  -4  -4  -3  -3  -1  -1  -1  -1  -3  -3 -58 -58  -4  -3 -58  -3  -3  -3  -3  -2  -3  -2  -3  -2   1   1   7   7   0   0   0   1  -4  -4  -4  -1  -2  -2  -2  -2   0  -1   1   1  -1  -1   0   0  -4  -3  -4  -3  -2  -2  -2  -2  -1  -1   1   1  -4  -3  -4  -3 -58   3
R  -4  -4  -4  -5  -3  -3  -3  -2  -3  -3 -58 -58  -4  -4 -58  -4  -4  -4  -4  -4  -4  -3  -4  -3  -1  -1   0   0   8   7   7   7  -5  -5  -5  -4  -3  -3  -3  -2  -2  -2   2   2  -2  -2   7   6  -4  -4  -4  -4  -3  -3  -4  -3  -4  -4  -2  -2  -5  -4  -5  -5 -58   0
r  -4  -4  -4  -4  -3  -2  -3  -2  -3  -3 -58 -58  -3  -3 -58  -3  -4  -4  -4  -3  -3  -3  -4  -3  -1   0   0   0   7   7   6   6  -4  -4  -4  -3  -2  -2  -2  -2  -1  -1   2   2  -2  -1   6   6  -4  -4  -4  -4  -3  -2  -3  -2  -3  -3  -1  -1  -4  -3  -4  -4 -58   1
8  -5  -5  -4  -4  -2  -3  -3  -3  -3  -3 -58 -58  -2  -3 -58  -4  -4  -4  -3  -4  -4  -3  -3  -3  -1  -1   0   0   7   6   8   7  -5  -5  -4  -3  -3  -2  -2  -2  -1  -1   2   2  -2  -1   7   7  -5  -4  -4  -4  -4  -3  -3  -3  -4  -3  -2  -2  -4  -4  -4  -4 -58   6
9  -4  -4  -3  -4  -2  -2  -3  -2  -3  -3 -58 -58  -3  -3 -58  -2  -4  -3  -3  -3  -3  -3  -3  -3  -1  -1   0   1   7   6   7   7  -4  -4  -4  -2  -2  -2  -2  -2  -1  -1   2   2  -1  -1   6   6  -4  -4  -4  -4  -3  -2  -3  -2  -3  -3  -1  -1  -5  -3  -4  -3 -58   5
I  -1  -1   1   1  -4  -4  -4  -4  -3  -3 -58 -58  -2  -2 -58  -4   1   1   1   1  -4  -4  -5  -4  -5  -4  -4  -4  -5  -4  -5  -4   6   5   5   1  -2  -2  -2  -2  -5  -5  -4  -5  -4  -4  -5  -5   3   2   2   2  -3  -3  -3  -3  -6  -6  -5  -5  -7  -6  -6  -7 -58  -3
i  -1  -1   1   1  -4  -4  -4  -4  -3  -3 -58 -58  -2  -2 -58  -4   1   1   1   1  -5  -5  -5  -5  -4  -4  -4  -4  -5  -4  -5  -4   5   6   5   1  -2  -2  -3  -2  -5  -5  -4  -4  -4  -4  -5  -5   2   3   2   2  -3  -3  -3  -3  -6  -6  -5  -5  -6  -6  -6  -6 -58  -3
!  -1  -1   1   1  -4  -4  -4  -4  -3  -3 -58 -58  -2  -2 -58  -3   1   1   1   1  -4  -4  -4  -4  -4  -4  -4  -4  -5  -4  -4  -4   5   5   6   1  -2  -2  -2  -2  -4  -4  -3  -4  -4  -4  -4  -4   2   2   3   2  -3  -3  -3  -3  -6  -5  -4  -4  -6  -6  -6  -6 -58   1
M   0   0   2   2  -3  -3  -3  -3  -2  -2 -58 -58  -1  -2 -58  -2   2   2   2   2  -5  -4  -5  -4  -3  -3  -1  -1  -4  -3  -3  -2   1   1   1   8  -2  -2  -2  -2  -4  -4  -3  -3  -3  -3  -3  -3   0   0   0   0  -2  -2  -2  -2  -5  -5  -4  -3  -5  -5  -5  -5 -58 -58
T  -4  -4  -3  -3   2   1   1   1  -4  -3 -58 -58  -1  -1 -58  -4  -3  -3  -3  -4  -2  -2  -2  -2  -2  -2  -2  -2  -3  -2  -3  -2  -2  -2  -2  -2   7   6   6   6  -1  -1  -2  -2   1   1  -2  -2  -1  -1  -1  -1  -1  -1  -1  -1  -3  -3  -2  -2  -4  -3  -4  -3 -58   0
t  -4  -3  -3  -3   1   1   1   1  -4  -3 -58 -58  -1   0 -58  -4  -3  -3  -3  -3  -3  -3  -3  -2  -3  -2  -2  -2  -3  -2  -2  -2  -2  -2  -2  -2   6   7   6   6  -1  -1  -2  -2   1   2  -2  -2  -1  -1  -1  -1  -1   0  -1  -1  -3  -3  -2  -2  -4  -4  -4  -3 -58  -2
2  -4  -4  -3  -3   1   1   2   1  -4  -4 -58 -58  -1  -1 -58  -4  -4  -3  -3  -3  -3  -3  -3  -3  -2  -2  -1  -2  -3  -2  -2  -2  -2  -3  -2  -2   6   6   7   6  -1  -1  -1  -2   1   1  -2  -2  -1  -1  -1  -1  -1  -1  -1  -1  -2  -3  -2  -2  -4  -3  -3  -3 -58  -3
3  -3  -4  -3  -3   1   1   1   2  -3  -3 -58 -58  -1  -1 -58  -3  -3  -3  -3  -3  -2  -2  -3  -2  -2  -2  -2  -2  -2  -2  -2  -2  -2  -2  -2  -2   6   6   6   6  -1  -1  -1  -2   1   2  -2  -2  -1  -1  -1  -1  -1  -1  -1   0  -3  -3  -2  -2  -4  -3  -4  -3 -58  -4
N  -4  -4  -4  -5   0  -1  -1   0  -3  -3 -58 -58  -2  -2 -58  -4  -4  -5  -5  -5  -3  -3  -3  -3   1   1   0   0  -2  -1  -1  -1  -5  -5  -4  -4  -1  -1  -1  -1   7   7   0  -1   1   1  -1  -1  -4  -5  -4  -5  -3  -2  -2  -2   1   1  -1  -1  -2  -1  -1  -1 -58   2
n  -4  -4  -5  -5  -1   0  -1  -1  -3  -3 -58 -58  -2  -2 -58  -5  -5  -5  -5  -4  -4  -3  -4  -3   0   1  -1  -1  -2  -1  -1  -1  -5  -5  -4  -4  -1  -1  -1  -1   7   8  -1  -1   0   1  -2  -1  -4  -5  -4  -4  -3  -2  -3  -3   1   1  -1  -1  -2  -1  -2  -2 -58   3
K  -5  -5  -3  -3  -2  -2  -2  -2  -3  -4 -58 -58  -4  -4 -58  -4  -4  -4  -3  -3  -3  -2  -3  -2  -1  -1   1   1   2   2   2   2  -4  -4  -3  -3  -2  -2  -1  -1   0  -1   6   6  -1  -1   2   2  -3  -3  -3  -4  -2  -2  -2  -2  -2  -1   0   0  -4  -3  -3  -3 -58  -3
k  -5  -5  -4  -3  -2  -2  -2  -2  -4  -4 -58 -58  -4  -4 -58  -4  -4  -4  -3  -4  -3  -2  -3  -3  -1  -1   0   1   2   2   2   2  -5  -4  -4  -3  -2  -2  -2  -2  -1  -1   6   7  -1  -1   2   3  -4  -4  -4  -4  -2  -2  -3  -2  -2  -2   0   0  -4  -3  -3  -3 -58  -6
6  -4  -4  -4  -4   4   4   5   5  -3  -3 -58 -58   0   0 -58  -3  -4  -4  -4  -4  -2  -2  -2  -2  -1  -2  -1  -1  -2  -2  -2  -1  -4  -4  -4  -3   1   1   1   1   1   0  -1  -1   8   7  -1  -1  -3  -3  -3  -3   0   0   0   0  -1  -1  -1  -1  -1  -1  -1  -1 -58   4
7  -4  -4  -4  -5   4   5   4   5  -3  -3 -58 -58   0   0 -58  -4  -4  -4  -4  -4  -2  -2  -2  -2  -1  -1  -1  -1  -2  -1  -1  -1  -4  -4  -4  -3   1   2   1   2   1   1  -1  -1   7   7  -2  -1  -4  -3  -4  -3   0   0   0   0  -1   0  -1  -1  -1  -1  -1  -1 -58   4
4  -5  -5  -4  -4  -3  -3  -3  -3  -3  -4 -58 -58  -3  -3 -58  -4  -4  -4  -3  -4  -3  -3  -3  -3  -1  -1   0   0   7   6   7   6  -5  -5  -4  -3  -2  -2  -2  -2  -1  -2   2   2  -1  -2   8   7  -4  -5  -4  -5  -3  -3  -3  -3  -3  -3  -2  -2  -5  -4  -4  -4 -58   1
5  -4  -5  -4  -3  -3  -3  -3  -2  -3  -3 -58 -58  -4  -3 -58  -3  -4  -4  -3  -4  -3  -3  -3  -3  -1  -1   0   0   6   6   7   6  -5  -5  -4  -3  -2  -2  -2  -2  -1  -1   2   3  -1  -1   7   8  -4  -4  -4  -4  -3  -3  -3  -3  -3  -3  -2  -1  -5  -4  -3  -3 -58   1
V  -2  -2   0   0  -3  -4  -3  -3  -3  -3 -58 -58   0   0 -58  -4   0   0   0   0  -4  -4  -4  -3  -4  -4  -3  -4  -4  -4  -5  -4   3   2   2   0  -1  -1  -1  -1  -4  -4  -3  -4  -3  -4  -4  -4   6   5   5   5  -1  -1  -1  -1  -5  -6  -4  -4  -6  -5  -6  -5 -58   1
v  -2  -2   0   0  -3  -3  -3  -3  -3  -3 -58 -58   0   0 -58  -4   0   0   0   0  -4  -3  -3  -3  -4  -4  -4  -3  -4  -4  -4  -4   2   3   2   0  -1  -1  -1  -1  -5  -5  -3  -4  -3  -3  -5  -4   5   5   5   5  -1  -1  -1  -1  -6  -6  -4  -4  -5  -5  -5  -5 -58   0
U  -2  -2   0   0  -3  -4  -3  -3  -3  -3 -58 -58   0   0 -58  -4   0   0   0   0  -4  -4  -4  -4  -5  -5  -3  -4  -4  -4  -4  -4   2   2   3   0  -1  -1  -1  -1  -4  -4  -3  -4  -3  -4  -4  -4   5   5   6   5  -1  -1  -1  -1  -6  -6  -4  -4  -5  -5  -5  -5 -58   0
u  -2  -2   0   0  -3  -3  -3  -3  -3  -3 -58 -58   0   0 -58  -3   0   0   0   0  -4  -3  -3  -3  -4  -4  -4  -3  -4  -4  -4  -4   2   2   2   0  -1  -1  -1  -1  -5  -4  -4  -4  -3  -3  -5  -4   5   5   5   5  -1  -1  -1  -1  -5  -6  -4  -4  -6  -5  -5  -5 -58  -2
A  -4  -4  -3  -3   1   1   1   1  -4  -4 -58 -58   1   0 -58  -5  -3  -3  -3  -3  -2  -2  -2  -2  -3  -3  -2  -2  -3  -3  -4  -3  -3  -3  -3  -2  -1  -1  -1  -1  -3  -3  -2  -2   0   0  -3  -3  -1  -1  -1  -1   6   5   5   5  -3  -3  -2  -2  -1  -1  -1  -1 -58   0
a  -3  -4  -3  -3   1   1   1   1  -4  -3 -58 -58   0   1 -58  -4  -3  -3  -3  -3  -2  -2  -2  -2  -3  -3  -2  -2  -3  -2  -3  -2  -3  -3  -3  -2  -1   0  -1  -1  -2  -2  -2  -2   0   0  -3  -3  -1  -1  -1  -1   5   5   5   5  -3  -3  -2  -2  -1  -1  -1  -1 -58  -1
@  -4  -4  -3  -3   1   1   1   1  -4  -4 -58 -58   1   0 -58  -4  -4  -4  -3  -3  -1  -2  -2  -1  -3  -3  -2  -2  -4  -3  -3  -3  -3  -3  -3  -2  -1  -1  -1  -1  -2  -3  -2  -3   0   0  -3  -3  -1  -1  -1  -1   5   5   6   5  -3  -3  -2  -2  -1  -1  -1  -1 -58  -1
&  -3  -4  -3  -3   1   0   1   1  -3  -4 -58 -58   0   0 -58  -4  -3  -3  -3  -3  -2  -2  -2  -2  -3  -3  -2  -2  -3  -2  -3  -2  -3  -3  -3  -2  -1  -1  -1   0  -2  -3  -2  -2   0   0  -3  -3  -1  -1  -1  -1   5   5   5   6  -3  -3  -2  -2  -1  -1  -1  -1 -58  -1
D  -6  -6  -6  -6  -2  -2  -2  -2  -4  -5 -58 -58  -5  -5 -58  -5  -6  -6  -6  -6  -3  -3  -3  -3  -1  -2  -1  -1  -4  -3  -4  -3  -6  -6  -6  -5  -3  -3  -2  -3   1   1  -2  -2  -1  -1  -3  -3  -5  -6  -6  -5  -3  -3  -3  -3   7   7   1   1  -3  -3  -3  -3 -58   3
d  -6  -6  -6  -6  -1  -2  -2  -2  -4  -5 -58 -58  -4  -4 -58  -5  -6  -6  -6  -6  -3  -3  -3  -3  -1  -2  -1  -1  -4  -3  -3  -3  -6  -6  -5  -5  -3  -3  -3  -3   1   1  -1  -2  -1   0  -3  -3  -6  -6  -6  -6  -3  -3  -3  -3   7   7   1   1  -3  -2  -3  -3 -58   4
E  -5  -6  -4  -5  -2  -2  -2  -2  -4  -4 -58 -58  -5  -5 -58  -5  -5  -5  -5  -5  -3  -2  -3  -2  -2  -2   1   1  -2  -1  -2  -1  -5  -5  -4  -4  -2  -2  -2  -2  -1  -1   0   0  -1  -1  -2  -2  -4  -4  -4  -4  -2  -2  -2  -2   1   1   6   6  -4  -3  -4  -4 -58   1
e  -6  -5  -4  -4  -2  -2  -2  -2  -4  -4 -58 -58  -5  -4 -58  -4  -5  -4  -5  -4  -3  -3  -3  -3  -2  -2   1   1  -2  -1  -2  -1  -5  -5  -4  -3  -2  -2  -2  -2  -1  -1   0   0  -1  -1  -2  -1  -4  -4  -4  -4  -2  -2  -2  -2   1   1   6   6  -4  -3  -4  -3 -58   1
G  -5  -5  -6  -6  -2  -2  -2  -2  -5  -5 -58 -58  -4  -4 -58  -5  -7  -6  -6  -6  -4  -4  -4  -4  -4  -4  -4  -4  -5  -4  -4  -5  -7  -6  -6  -5  -4  -4  -4  -4  -2  -2  -4  -4  -1  -1  -5  -5  -6  -5  -5  -6  -1  -1  -1  -1  -3  -3  -4  -4   7   6   6   6 -58 -58
g  -5  -5  -6  -6  -2  -2  -2  -2  -5  -5 -58 -58  -3  -3 -58  -4  -6  -5  -6  -6  -4  -4  -4  -4  -3  -3  -3  -3  -4  -3  -4  -3  -6  -6  -6  -5  -3  -4  -3  -3  -1  -1  -3  -3  -1  -1  -4  -4  -5  -5  -5  -5  -1  -1  -1  -1  -3  -2  -3  -3   6   6   6   6 -58  -2
:  -5  -5  -6  -6  -2  -2  -2  -2  -5  -5 -58 -58  -3  -4 -58  -5  -6  -6  -5  -6  -4  -4  -4  -4  -3  -4  -3  -4  -5  -4  -4  -4  -6  -6  -6  -5  -4  -4  -3  -4  -1  -2  -3  -3  -1  -1  -4  -3  -6  -5  -5  -5  -1  -1  -1  -1  -3  -3  -4  -4   6   6   7   6 -58 -58
=  -5  -5  -6  -6  -2  -2  -2  -2  -5  -5 -58 -58  -3  -3 -58  -5  -6  -6  -5  -6  -4  -3  -4  -3  -3  -3  -3  -3  -5  -4  -4  -3  -7  -6  -6  -5  -3  -3  -3  -3  -1  -2  -3  -3  -1  -1  -4  -3  -5  -5  -5  -5  -1  -1  -1  -1  -3  -3  -4  -3   6   6   6   7 -58 -58
x -58 -58 -58 -58 -58 -58 -58 -58 -58 -58 -58 -58 -58 -58 -58 -58 -58 -58 -58 -58 -58 -58 -58 -58 -58 -58 -58 -58 -58 -58 -58 -58 -58 -58 -58 -58 -58 -58 -58 -58 -58 -58 -58 -58 -58 -58 -58 -58 -58 -58 -58 -58 -58 -58 -58 -58 -58 -58 -58 -58 -58 -58 -58 -58 -58 -58
X  -2 -58 -58 -12   2  -2   1   5  -2  -6 -58 -58 -13 -15 -58 -58  -2 -58 -58  -1 -11 -58 -58 -58  -1   1   2   3   0   1   6   5  -3  -3   1 -58   0  -2  -3  -4   2   3  -3  -6   4   4   1   1   1   0   0  -2   0  -1  -1  -1   3   4   1   1 -58  -2 -58 -58 -58 -58
