# Matrix made by sij2bla.pl (Warren Gish)
# Advanced Biocomputing, LLC
# http://blast.advbiocomp.com
#
# * row, column uses minimum score
#
#  BLOSUM Clustered Scoring Matrix in 1/10 Bit Units
#  Blocks Database = /data/blocks_5.0/blocks.dat
#  Cluster Percentage: >= 35
#  Entropy =   0.2111, Expected =  -0.1550
   A  R  N  D  C  Q  E  G  H  I  L  K  M  F  P  S  T  W  Y  V  B  J  Z  X  *
A 11 -2 -2 -2 -4  0 -2  1 -4 -2 -4 -1  0 -5 -4  2  1 -5 -3  1 -2 -3 -1 -1 -12
R -2 19 -2 -3 -7  5 -2 -5 -2 -6 -5  5  0 -3 -5 -2 -4 -1 -1 -3 -3 -5  1 -1 -12
N -2 -2 17  4 -4  1 -2  2  2 -2 -6  0 -2 -4 -5  0  0 -6 -6 -6 10 -5 -1 -1 -12
D -2 -3  4 21 -8 -2  4 -4 -1 -8 -6 -1 -8 -8 -3 -2 -3 -7 -6 -6 13 -6  2 -2 -12
C -4 -7 -4 -8 37 -9 -2 -8 -10 -9 -5 -5 -9 -9 -11 -7 -2 -11 -12 -6 -6 -7 -5 -6 -12
Q  0  5  1 -2 -9 17  6 -4 -1 -6 -5  1 -2 -9 -1  1 -1 -3 -1 -7  0 -5 11 -1 -12
E -2 -2 -2  4 -2  6 15 -6 -2 -7 -3  3 -5 -7 -1 -1 -2 -1 -4 -5  1 -5 11 -1 -12
G  1 -5  2 -4 -8 -4 -6 19 -5 -7 -7 -2 -3 -8 -4  2 -5 -2 -4 -8 -1 -7 -5 -2 -12
H -4 -2  2 -1 -10 -1 -2 -5 31 -7 -4 -5  3 -7 -3 -2 -4 -9  0 -9  0 -5 -2 -3 -12
I -2 -6 -2 -8 -9 -6 -7 -7 -7 13  6 -5  3  2 -4 -4 -1 -3  0  9 -5  8 -7 -1 -12
L -4 -5 -6 -6 -5 -5 -3 -7 -4  6 12 -5  6  4 -7 -5 -1  0  1  4 -6 10 -4 -1 -12
K -1  5  0 -1 -5  1  3 -2 -5 -5 -5 12  0 -3 -1  0  0 -1 -3 -5 -1 -5  2 -1 -12
M  0  0 -2 -8 -9 -2 -5 -3  3  3  6  0 15 -1 -8 -3 -1  2  1  2 -5  5 -4 -1 -12
F -5 -3 -4 -8 -9 -9 -7 -8 -7  2  4 -3 -1 21 -11 -3 -3  2  9  1 -6  3 -8 -2 -12
P -4 -5 -5 -3 -11 -1 -1 -4 -3 -4 -7 -1 -8 -11 26 -5  0 -9 -7 -6 -4 -6 -1 -3 -12
S  2 -2  0 -2 -7  1 -1  2 -2 -4 -5  0 -3 -3 -5 11  4 -6 -4 -3 -1 -4  0  0 -12
T  1 -4  0 -3 -2 -1 -2 -5 -4 -1 -1  0 -1 -3  0  4 12 -4 -4  2 -2 -1 -2  0 -12
W -5 -1 -6 -7 -11 -3 -1 -2 -9 -3  0 -1  2  2 -9 -6 -4 39  8 -6 -7 -1 -2 -3 -12
Y -3 -1 -6 -6 -12 -1 -4 -4  0  0  1 -3  1  9 -7 -4 -4  8 20 -1 -6  1 -2 -2 -12
V  1 -3 -6 -6 -6 -7 -5 -8 -9  9  4 -5  2  1 -6 -3  2 -6 -1 12 -6  6 -6 -1 -12
B -2 -3 10 13 -6  0  1 -1  0 -5 -6 -1 -5 -6 -4 -1 -2 -7 -6 -6 11 -6  1 -2 -12
J -3 -5 -5 -6 -7 -5 -5 -7 -5  8 10 -5  5  3 -6 -4 -1 -1  1  6 -6  9 -5 -1 -12
Z -1  1 -1  2 -5 11 11 -5 -2 -7 -4  2 -4 -8 -1  0 -2 -2 -2 -6  1 -5 11 -1 -12
X -1 -1 -1 -2 -6 -1 -1 -2 -3 -1 -1 -1 -1 -2 -3  0  0 -3 -2 -1 -2 -1 -1 -1 -12
* -12 -12 -12 -12 -12 -12 -12 -12 -12 -12 -12 -12 -12 -12 -12 -12 -12 -12 -12 -12 -12 -12 -12 -12  1
